10532,0
10618,0
10695,0
10544,0
12980,0
12894,0
10744,0
10762,0
10766,0
10696,0
10765,0
10792,0
10697,0
12935,0
11028,0
10671,0
13796,1
13802,1
13854,1
12654,0
13141,0
13716,1
13910,1
11281,0
14341,1
12937,0
10678,0
12930,0
11575,0
10590,0
11132,0
10692,0
10630,0
11172,0
11208,0
13241,1
11051,0
13125,0
11050,0
11256,1
11254,1
11252,0
11486,0
13626,0
11587,1
10858,0
11489,1
13453,0
12604,1
12944,1
11491,0
13278,0
10922,0
10923,1
10920,0
10844,0
10752,0
10859,1
10832,0
10833,1
10842,0
10847,0
10860,0
10928,0
13076,0
10796,0
10820,0
10982,0
10889,0
10856,0
12538,0
11269,0
11267,0
13078,1
10857,0
12201,0
10855,0
10921,0
11268,0
13344,0
10950,0
13573,0
10788,0
13119,1
12674,0
10871,0
11755,0
13572,1
11160,0
11155,0
11175,0
10776,1
10779,0
10740,0
10741,0
10790,0
10791,0
10805,0
10828,0
10838,1
12280,0
10839,1
10841,0
10853,1
10864,0
11316,0
14340,0
11588,1
13044,1
11590,1
13045,1
13046,1
11707,1
11705,1
11701,1
11703,1
11687,0
11685,1
11684,1
11681,1
10875,0
10900,1
10957,0
10907,0
11219,0
10981,0
12978,0
11000,0
11001,0
11003,0
11004,0
11008,0
11211,0
10821,1
11260,1
12571,1
12774,0
13499,1
11049,1
13771,0
12572,0
11053,1
13709,0
11068,0
12575,1
13607,0
11475,0
10878,0
12934,0
10802,0
10966,0
10886,0
12242,1
10990,1
11192,0
12303,1
11377,0
13077,0
10962,0
10953,0
10964,0
12747,0
11006,0
11005,0
11024,0
11026,0
11052,0
11048,0
11047,0
11070,0
10658,0
11142,0
11072,0
11073,0
11143,1
12634,0
13609,1
10918,0
11227,0
13696,0
11737,1
10775,0
11244,0
11264,0
10843,0
13576,1
10932,1
10939,0
10943,0
11154,0
10977,0
10980,0
10987,0
11015,0
11036,0
11113,1
11138,0
11137,0
11157,0
11158,0
11159,1
11168,0
13043,1
13055,1
11646,1
11014,0
10884,0
11241,0
11017,0
11018,0
11021,0
11242,1
11022,0
11023,0
11226,0
11046,0
11056,0
11057,0
11058,0
11061,0
12633,0
11040,0
11180,1
11064,0
11088,0
13599,0
11101,0
10905,1
11116,0
11148,0
11161,0
11089,0
12660,1
11134,0
11197,0
11314,0
11292,0
11246,0
12624,0
12094,0
11115,0
11230,0
11415,0
11179,0
11167,1
11146,0
11083,1
11340,0
11403,0
13627,0
11769,1
13624,1
11902,1
13623,0
12403,0
11510,0
11511,0
11512,0
12164,0
11768,0
13058,1
12203,0
12599,0
11529,0
12181,1
11549,0
12921,0
11571,1
11790,1
11802,0
11576,1
12316,0
12823,1
11600,0
11602,1
11622,1
11484,0
13790,1
13063,1
11487,0
13026,1
11596,0
11550,0
13704,0
11562,0
11531,0
11566,0
11567,0
11599,0
11723,0
11682,0
12984,0
11680,0
11706,1
12983,1
11411,0
13625,1
11709,1
11919,0
12547,1
11884,0
13498,1
11944,0
11485,0
12676,1
11494,0
13896,1
11495,0
11513,0
13622,0
11518,0
11519,0
12810,0
11521,0
12936,0
11598,0
12754,0
11595,0
11593,0
11782,0
11447,0
11432,0
12753,1
12752,1
11591,0
11708,0
11547,0
11546,0
12751,0
11398,0
11400,1
11425,0
12750,0
12749,0
12748,1
11544,0
12755,0
11543,0
13022,1
13724,1
11542,0
11688,1
11541,0
11401,0
13023,1
11539,0
12759,1
11536,0
11522,0
11498,0
11500,0
11501,0
11509,1
12758,1
11532,1
11533,1
11534,1
11579,1
11582,1
11624,1
11625,1
11433,0
11437,0
13477,0
12226,0
13317,1
12757,0
13476,0
11626,1
11691,0
12756,1
11693,0
11694,0
12760,0
12769,1
13066,1
11695,0
12762,1
13319,1
11698,0
12761,1
11710,0
13028,1
13678,0
11712,1
11714,0
12766,1
11715,0
13021,1
12336,1
12484,0
11476,0
12765,1
11552,0
11477,0
12764,1
11466,0
12763,1
11406,0
11527,1
11690,1
11481,0
11478,0
11391,0
11480,0
11524,0
11585,0
12771,1
11455,1
12773,1
11456,1
12792,1
11483,0
13020,0
11457,1
13337,1
13781,1
12776,0
12777,1
12797,1
12798,0
12799,1
11603,0
11482,0
11496,1
11499,0
11616,0
11502,0
12800,1
11503,0
13019,0
12801,0
12802,1
11525,0
11530,0
11558,0
11580,0
11627,0
13083,1
12946,0
11634,0
13316,1
12803,0
13097,0
12804,0
12805,0
11554,1
12806,1
11557,1
11559,0
11560,1
12807,0
11561,1
11563,0
11564,1
11565,1
12405,0
14313,1
11608,0
12868,0
11609,0
11610,0
13644,1
11611,0
12911,0
11360,1
10861,0
11612,1
11613,0
11614,0
11615,0
12271,0
12509,1
11617,1
12287,0
12351,0
13064,0
11619,1
12345,0
11670,1
12381,0
11671,1
12627,0
11672,0
11673,1
13052,0
11674,0
11676,0
11668,0
13685,1
13604,1
13562,0
12631,1
11980,0
12625,1
13100,1
12629,1
13519,1
13518,1
13098,1
12555,1
12341,0
11638,0
12447,1
13402,1
12672,0
13695,1
11594,0
11597,0
13770,1
12939,0
11636,0
14221,0
13605,1
13091,1
13093,1
12517,1
12520,0
12770,1
12519,0
12454,1
12508,0
11637,0
12511,0
12518,0
12460,0
12560,0
12635,0
12673,1
12651,0
12337,0
12943,0
12465,0
11639,0
11700,1
12476,0
11586,1
12290,0
12623,0
11635,0
12318,0
12974,1
12310,0
13082,1
12566,0
12565,1
13101,1
12473,0
12564,1
13501,1
14213,1
11669,0
12844,0
11677,0
12521,0
12554,0
11592,0
12849,0
11589,0
12696,0
11493,0
12429,0
11517,1
12845,0
13024,1
12846,0
11520,0
10560,0
11514,0
13073,0
12650,0
13297,0
11537,0
12985,0
11538,0
11601,0
11704,1
12602,1
11240,1
11821,0
11898,0
11822,0
12573,0
12474,0
12475,0
13816,0
11837,0
11834,0
11918,0
12468,0
12621,0
11835,0
11843,0
11844,0
11847,1
12636,0
12622,0
13755,0
12314,0
13797,0
11882,0
12568,0
11880,0
13025,0
11922,0
11893,0
11883,0
11885,0
11887,0
11888,0
12836,0
13032,1
12981,0
11951,1
11949,1
11953,0
12479,0
13296,0
12010,0
12746,0
12272,0
13001,1
10952,0
13049,1
11645,0
11644,1
13042,1
11900,0
11683,0
11689,0
11699,0
12976,0
12942,0
11243,1
13140,0
12941,0
11892,0
11950,1
11947,0
12938,0
12546,0
13694,0
12780,0
10888,0
10898,0
11352,1
11353,1
11354,1
11358,0
11359,1
11355,1
11356,1
11357,1
11399,0
12563,0
12567,0
12574,0
12620,0
13318,0
13793,0
13882,0
