10532
10618
10695
10544
12980
12894
10744
10762
10766
10696
10765
10792
10697
12935
11028
10671
13796
13802
13854
12654
13141
13716
13910
11281
14341
12937
10678
12930
11575
10590
11132
10692
10630
11172
11208
13241
11051
13125
11050
11256
11254
11252
11486
13626
11587
10858
11489
13453
12604
12944
11491
13278
10922
10923
10920
10844
10752
10859
10832
10833
10842
10847
10860
10928
13076
10796
10820
10982
10889
10856
12538
11269
11267
13078
10857
12201
10855
10921
11268
13344
10950
13573
10788
13119
12674
10871
11755
13572
11160
11155
11175
10776
10779
10740
10741
10790
10791
10805
10828
10838
12280
10839
10841
10853
10864
11316
14340
11588
13044
11590
13045
13046
11707
11705
11701
11703
11687
11685
11684
11681
10875
10900
10957
10907
11219
10981
12978
11000
11001
11003
11004
11008
11211
10821
11260
12571
12774
13499
11049
13771
12572
11053
13709
11068
12575
13607
11475
10878
12934
10802
10966
10886
12242
10990
11192
12303
11377
13077
10962
10953
10964
12747
11006
11005
11024
11026
11052
11048
11047
11070
10658
11142
11072
11073
11143
12634
13609
10918
11227
13696
11737
10775
11244
11264
10843
13576
10932
10939
10943
11154
10977
10980
10987
11015
11036
11113
11138
11137
11157
11158
11159
11168
13043
13055
11646
11014
10884
11241
11017
11018
11021
11242
11022
11023
11226
11046
11056
11057
11058
11061
12633
11040
11180
11064
11088
13599
11101
10905
11116
11148
11161
11089
12660
11134
11197
11314
11292
11246
12624
12094
11115
11230
11415
11179
11167
11146
11083
11340
11403
13627
11769
13624
11902
13623
12403
11510
11511
11512
12164
11768
13058
12203
12599
11529
12181
11549
12921
11571
11790
11802
11576
12316
12823
11600
11602
11622
11484
13790
13063
11487
13026
11596
11550
13704
11562
11531
11566
11567
11599
11723
11682
12984
11680
11706
12983
11411
13625
11709
11919
12547
11884
13498
11944
11485
12676
11494
13896
11495
11513
13622
11518
11519
12810
11521
12936
11598
12754
11595
11593
11782
11447
11432
12753
12752
11591
11708
11547
11546
12751
11398
11400
11425
12750
12749
12748
11544
12755
11543
13022
13724
11542
11688
11541
11401
13023
11539
12759
11536
11522
11498
11500
11501
11509
12758
11532
11533
11534
11579
11582
11624
11625
11433
11437
13477
12226
13317
12757
13476
11626
11691
12756
11693
11694
12760
12769
13066
11695
12762
13319
11698
12761
11710
13028
13678
11712
11714
12766
11715
13021
12336
12484
11476
12765
11552
11477
12764
11466
12763
11406
11527
11690
11481
11478
11391
11480
11524
11585
12771
11455
12773
11456
12792
11483
13020
11457
13337
13781
12776
12777
12797
12798
12799
11603
11482
11496
11499
11616
11502
12800
11503
13019
12801
12802
11525
11530
11558
11580
11627
13083
12946
11634
13316
12803
13097
12804
12805
11554
12806
11557
11559
11560
12807
11561
11563
11564
11565
12405
14313
11608
12868
11609
11610
13644
11611
12911
11360
10861
11612
11613
11614
11615
12271
12509
11617
12287
12351
13064
11619
12345
11670
12381
11671
12627
11672
11673
13052
11674
11676
11668
13685
13604
13562
12631
11980
12625
13100
12629
13519
13518
13098
12555
12341
11638
12447
13402
12672
13695
11594
11597
13770
12939
11636
14221
13605
13091
13093
12517
12520
12770
12519
12454
12508
11637
12511
12518
12460
12560
12635
12673
12651
12337
12943
12465
11639
11700
12476
11586
12290
12623
11635
12318
12974
12310
13082
12566
12565
13101
12473
12564
13501
14213
11669
12844
11677
12521
12554
11592
12849
11589
12696
11493
12429
11517
12845
13024
12846
11520
10560
11514
13073
12650
13297
11537
12985
11538
11601
11704
12602
11240
11821
11898
11822
12573
12474
12475
13816
11837
11834
11918
12468
12621
11835
11843
11844
11847
12636
12622
13755
12314
13797
11882
12568
11880
13025
11922
11893
11883
11885
11887
11888
12836
13032
12981
11951
11949
11953
12479
13296
12010
12746
12272
13001
10952
13049
11645
11644
13042
11900
11683
11689
11699
12976
12942
11243
13140
12941
11892
11950
11947
12938
12546
13694
12780
10888
10898
11352
11353
11354
11358
11359
11355
11356
11357
11399
12563
12567
12574
12620
13318
13793
13882
